[[ 1.162860e+02  1.772910e+02  9.698300e+01  3.140000e-03  3.000000e-05
   1.340000e-03  1.920000e-03  4.030000e-03  1.564000e-02  1.360000e-01
   6.670000e-03  9.900000e-03  1.691000e-02  2.001000e-02  7.370000e-03
   2.419900e+01  5.985150e-01  6.543310e-01 -5.592584e+00  1.339170e-01
   2.058658e+00  2.143460e-01]
 [ 2.434390e+02  2.509120e+02  2.324350e+02  2.100000e-03  9.000000e-06
   1.090000e-03  1.370000e-03  3.270000e-03  1.419000e-02  1.260000e-01
   7.770000e-03  8.980000e-03  1.033000e-02  2.330000e-02  4.540000e-03
   2.536800e+01  4.382960e-01  6.352850e-01 -7.057869e+00  9.160800e-02
   2.330716e+00  9.147000e-02]
 [ 1.170040e+02  1.444660e+02  9.992300e+01  3.530000e-03  3.000000e-05
   1.760000e-03  2.180000e-03  5.280000e-03  1.657000e-02  1.450000e-01
   8.810000e-03  1.062000e-02  1.318000e-02  2.643000e-02  5.900000e-03
   2.544500e+01  3.874820e-01  7.564820e-01 -6.012559e+00  2.292980e-01
   1.872946e+00  1.631180e-01]
 [ 1.172260e+02  1.239250e+02  1.066560e+02  4.170000e-03  4.000000e-05
   1.860000e-03  2.700000e-03  5.580000e-03  1.909000e-02  1.710000e-01
   8.640000e-03  1.223000e-02  1.949000e-02  2.592000e-02  9.550000e-03
   2.307900e+01  6.035150e-01  6.695650e-01 -5.619070e+00  1.915760e-01
   2.027228e+00  2.157240e-01]
 [ 1.970760e+02  2.068960e+02  1.920550e+02  2.890000e-03  1.000000e-05
   1.660000e-03  1.680000e-03  4.980000e-03  1.098000e-02  9.700000e-02
   5.630000e-03  6.800000e-03  8.020000e-03  1.689000e-02  3.390000e-03
   2.677500e+01  4.222290e-01  7.413670e-01 -7.348300e+00  1.775510e-01
   1.743867e+00  8.556900e-02]
 [ 2.091440e+02  2.374940e+02  1.093790e+02  2.820000e-03  1.000000e-05
   1.470000e-03  1.520000e-03  4.420000e-03  1.861000e-02  1.700000e-01
   9.750000e-03  1.258000e-02  1.382000e-02  2.925000e-02  8.710000e-03
   2.555400e+01  3.417880e-01  6.788740e-01 -7.040508e+00  6.699400e-02
   2.460791e+00  1.015160e-01]
 [ 1.263440e+02  1.342310e+02  1.127730e+02  4.480000e-03  4.000000e-05
   1.310000e-03  1.690000e-03  3.930000e-03  2.033000e-02  1.850000e-01
   1.143000e-02  9.590000e-03  1.614000e-02  3.429000e-02  4.740000e-03
   2.503000e+01  5.075040e-01  7.603610e-01 -6.689151e+00  2.919540e-01
   2.431854e+00  1.059930e-01]
 [ 1.746880e+02  2.400050e+02  7.428700e+01  1.360000e-02  8.000000e-05
   6.240000e-03  5.640000e-03  1.873000e-02  2.308000e-02  2.560000e-01
   1.268000e-02  1.365000e-02  1.667000e-02  3.804000e-02  1.071500e-01
   1.788300e+01  4.075670e-01  6.556830e-01 -6.787197e+00  1.584530e-01
   2.679772e+00  1.317280e-01]
 [ 1.229640e+02  1.300490e+02  1.146760e+02  4.280000e-03  3.000000e-05
   1.240000e-03  1.550000e-03  3.730000e-03  1.681000e-02  1.540000e-01
   9.300000e-03  8.020000e-03  1.400000e-02  2.789000e-02  4.620000e-03
   2.497100e+01  5.386880e-01  7.540730e-01 -6.482096e+00  2.649670e-01
   2.054419e+00  1.288720e-01]
 [ 2.428520e+02  2.550340e+02  2.279110e+02  2.250000e-03  9.000000e-06
   1.170000e-03  1.390000e-03  3.500000e-03  1.494000e-02  1.340000e-01
   8.470000e-03  8.790000e-03  1.014000e-02  2.542000e-02  4.760000e-03
   2.503200e+01  4.312850e-01  6.389280e-01 -6.995820e+00  1.020830e-01
   2.365800e+00  1.027060e-01]
 [ 1.163880e+02  1.290380e+02  1.089700e+02  3.460000e-03  3.000000e-05
   1.690000e-03  2.130000e-03  5.070000e-03  1.725000e-02  1.550000e-01
   8.740000e-03  1.021000e-02  1.331000e-02  2.623000e-02  4.150000e-03
   2.614300e+01  3.612320e-01  7.632420e-01 -6.016891e+00  1.092560e-01
   2.004719e+00  1.744290e-01]
 [ 1.987640e+02  3.969610e+02  7.490400e+01  7.400000e-03  4.000000e-05
   3.700000e-03  3.900000e-03  1.109000e-02  2.296000e-02  2.410000e-01
   1.265000e-02  1.321000e-02  1.588000e-02  3.794000e-02  7.223000e-02
   1.902000e+01  4.512210e-01  6.439560e-01 -6.744577e+00  2.074540e-01
   2.138608e+00  1.233060e-01]
 [ 1.553580e+02  2.273830e+02  8.005500e+01  3.100000e-03  2.000000e-05
   1.590000e-03  1.760000e-03  4.760000e-03  1.718000e-02  1.610000e-01
   7.690000e-03  1.012000e-02  1.661000e-02  2.307000e-02  6.770000e-03
   2.597000e+01  4.704780e-01  6.762580e-01 -7.120925e+00  2.797890e-01
   2.241742e+00  1.085140e-01]
 [ 1.187470e+02  1.237230e+02  1.098360e+02  3.310000e-03  3.000000e-05
   1.680000e-03  1.710000e-03  5.040000e-03  1.043000e-02  9.900000e-02
   4.900000e-03  6.210000e-03  9.030000e-03  1.471000e-02  5.040000e-03
   2.561900e+01  4.822960e-01  7.230960e-01 -6.448134e+00  1.787130e-01
   2.034827e+00  1.414220e-01]
 [ 1.840550e+02  1.965370e+02  1.669770e+02  2.580000e-03  1.000000e-05
   1.340000e-03  1.470000e-03  4.030000e-03  1.463000e-02  1.320000e-01
   7.420000e-03  9.010000e-03  1.234000e-02  2.226000e-02  2.570000e-03
   2.645300e+01  3.064430e-01  7.592030e-01 -7.044105e+00  6.341200e-02
   2.361532e+00  1.157300e-01]
 [ 1.591160e+02  1.689130e+02  1.448110e+02  3.420000e-03  2.000000e-05
   1.780000e-03  1.840000e-03  5.350000e-03  3.381000e-02  3.070000e-01
   1.806000e-02  2.024000e-02  2.809000e-02  5.417000e-02  8.520000e-03
   2.266300e+01  3.663290e-01  6.934290e-01 -6.417440e+00  1.946270e-01
   2.473239e+00  1.517090e-01]
 [ 2.101410e+02  2.327060e+02  1.852580e+02  5.340000e-03  3.000000e-05
   3.210000e-03  2.800000e-03  9.640000e-03  1.680000e-02  1.490000e-01
   8.610000e-03  1.017000e-02  1.301000e-02  2.583000e-02  6.200000e-03
   2.367100e+01  4.410970e-01  7.222540e-01 -5.963040e+00  2.502830e-01
   2.489191e+00  1.778070e-01]
 [ 1.369260e+02  1.598660e+02  1.312760e+02  2.930000e-03  2.000000e-05
   1.180000e-03  1.530000e-03  3.550000e-03  1.259000e-02  1.120000e-01
   6.560000e-03  7.170000e-03  1.140000e-02  1.968000e-02  5.810000e-03
   2.570300e+01  4.606000e-01  6.468460e-01 -6.547148e+00  1.528130e-01
   2.041277e+00  1.385120e-01]
 [ 1.778760e+02  1.929210e+02  1.680130e+02  4.110000e-03  2.000000e-05
   2.330000e-03  2.410000e-03  7.000000e-03  2.126000e-02  1.890000e-01
   1.154000e-02  1.347000e-02  1.612000e-02  3.463000e-02  5.860000e-03
   2.321600e+01  3.601480e-01  7.788340e-01 -6.149653e+00  2.180370e-01
   2.477082e+00  1.658270e-01]
 [ 1.496890e+02  1.603680e+02  1.336080e+02  2.570000e-03  2.000000e-05
   1.160000e-03  1.340000e-03  3.490000e-03  1.346000e-02  1.260000e-01
   6.600000e-03  8.180000e-03  1.059000e-02  1.979000e-02  5.780000e-03
   2.742100e+01  3.654880e-01  7.199740e-01 -6.997403e+00  2.102790e-01
   1.994387e+00  1.128780e-01]
 [ 2.025440e+02  2.413500e+02  1.641680e+02  2.540000e-03  1.000000e-05
   1.000000e-03  1.330000e-03  3.010000e-03  2.662000e-02  2.280000e-01
   1.475000e-02  1.558000e-02  2.006000e-02  4.426000e-02  1.049000e-02
   2.068000e+01  4.974800e-01  6.304090e-01 -6.132663e+00  2.206170e-01
   2.576563e+00  1.597770e-01]
 [ 1.562390e+02  1.951070e+02  7.982000e+01  6.940000e-03  4.000000e-05
   4.030000e-03  3.950000e-03  1.209000e-02  2.343000e-02  2.240000e-01
   1.289000e-02  1.420000e-02  1.720000e-02  3.867000e-02  2.020000e-02
   1.919600e+01  6.186630e-01  7.284210e-01 -5.944191e+00  1.433590e-01
   1.929715e+00  1.819880e-01]
 [ 2.026320e+02  5.657400e+02  1.772580e+02  1.627000e-02  8.000000e-05
   9.190000e-03  9.630000e-03  2.756000e-02  7.170000e-02  8.330000e-01
   3.515000e-02  4.265000e-02  6.460000e-02  1.054600e-01  7.889000e-02
   1.498900e+01  4.276270e-01  7.757080e-01 -4.892495e+00  2.622810e-01
   2.910213e+00  2.701730e-01]
 [ 2.028050e+02  2.315080e+02  8.623200e+01  3.700000e-03  2.000000e-05
   1.890000e-03  2.110000e-03  5.680000e-03  1.997000e-02  1.800000e-01
   1.117000e-02  1.177000e-02  1.506000e-02  3.350000e-02  2.010000e-02
   1.868700e+01  5.361020e-01  6.326310e-01 -5.898673e+00  2.133530e-01
   2.470746e+00  1.890320e-01]
 [ 1.528450e+02  1.633050e+02  7.583600e+01  2.940000e-03  2.000000e-05
   1.210000e-03  1.490000e-03  3.640000e-03  1.828000e-02  1.580000e-01
   1.064000e-02  9.720000e-03  1.246000e-02  3.191000e-02  6.090000e-03
   2.492200e+01  4.747910e-01  6.540270e-01 -6.105098e+00  2.036530e-01
   2.125618e+00  1.701000e-01]
 [ 1.502580e+02  1.546090e+02  7.534900e+01  2.480000e-03  2.000000e-05
   1.050000e-03  1.360000e-03  3.150000e-03  1.131000e-02  1.070000e-01
   5.220000e-03  6.590000e-03  1.009000e-02  1.567000e-02  4.950000e-03
   2.675900e+01  2.968880e-01  7.223560e-01 -6.878393e+00  8.926700e-02
   2.004055e+00  1.139420e-01]]
